0.05    0.05    0.05
0.1982177760629492    0.1982177760629492    0.1982177760629492
0.34643555212589844    0.34643555212589844    0.34643555212589844
0.49465332818884766    0.49465332818884766    0.49465332818884766
0.6428711042517969    0.6428711042517969    0.6428711042517969
0.7910888803147462    0.7910888803147462    0.7910888803147462
0.9393066563776954    0.9393066563776954    0.9393066563776954
1.0875244324406446    1.0875244324406446    1.0875244324406446
1.2357422085035938    1.2357422085035938    1.2357422085035938
1.3839599845665431    1.3839599845665431    1.3839599845665431
1.5321777606294924    1.5321777606294924    1.5321777606294924
1.6803955366924415    1.6803955366924415    1.6803955366924415
1.8286133127553907    1.8286133127553907    1.8286133127553907
1.97683108881834    1.97683108881834    1.97683108881834
2.125048864881289    2.125048864881289    2.125048864881289
2.273266640944238    2.273266640944238    2.273266640944238
2.4214844170071874    2.4214844170071874    2.4214844170071874
2.5697021930701367    2.5697021930701367    2.5697021930701367
2.717919969133086    2.717919969133086    2.717919969133086
2.8661377451960353    2.8661377451960353    2.8661377451960353
3.0143555212589845    3.0143555212589845    3.0143555212589845
3.1625732973219334    3.1625732973219334    3.1625732973219334
3.3107910733848827    3.3107910733848827    3.3107910733848827
3.459008849447832    3.459008849447832    3.459008849447832
3.607226625510781    3.607226625510781    3.607226625510781
3.7554444015737305    3.7554444015737305    3.7554444015737305
3.9036621776366798    3.9036621776366798    3.9036621776366798
4.051879953699629    4.051879953699629    4.051879953699629
4.200097729762578    4.200097729762578    4.200097729762578
4.348315505825528    4.348315505825528    4.348315505825528
4.4965332818884765    4.4965332818884765    4.4965332818884765
4.644751057951426    4.644751057951426    4.644751057951426
4.792968834014375    4.792968834014375    4.792968834014375
4.941186610077324    4.941186610077324    4.941186610077324
5.089404386140274    5.089404386140274    5.089404386140274
5.237622162203222    5.237622162203222    5.237622162203222
5.385839938266172    5.385839938266172    5.385839938266172
5.534057714329121    5.534057714329121    5.534057714329121
5.682275490392071    5.682275490392071    5.682275490392071
5.8304932664550195    5.8304932664550195    5.8304932664550195
