0.010317263110152465    0.0101154159459025    0.009462224942492391
0.011317263110152465    0.011115415945902499    0.010462224942492392
0.012317263110152465    0.0121154159459025    0.011462224942492391
0.013317263110152466    0.0131154159459025    0.01246222494249239
0.014317263110152465    0.0141154159459025    0.013462224942492391
0.015317263110152465    0.015115415945902499    0.014462224942492392
0.016317263110152466    0.0161154159459025    0.015462224942492392
0.016317263110152466    0.0161154159459025    0.015462224942492392
0.017317263110152466    0.0171154159459025    0.01646222494249239
0.018317263110152464    0.018115415945902498    0.01746222494249239
0.019317263110152465    0.0191154159459025    0.018462224942492392
0.020317263110152466    0.0201154159459025    0.01946222494249239
0.021317263110152466    0.0211154159459025    0.02046222494249239
0.022317263110152467    0.0221154159459025    0.02146222494249239
0.2284416835421345    0.225615823242635    0.2164711491948935
0.18257583580751    0.181410719348685    0.177479859564989
0.0972441538288188    0.0973020313397525    0.0973257125630353
0.060154017889735    0.0605785191749891    0.0618288188776096
0.0407969135131386    0.041321558940423    0.042936724224694
0.0294492807589244    0.029981388745138    0.0316535265660176
0.0222381545541001    0.0227445808834331    0.0243583905327859
0.0173754730926998    0.017845534608539    0.019359989365247
0.0139436565567138    0.0143755718523492    0.0157800440642422
0.0114327372666947    0.0118282411597912    0.0131247494683705
0.00954102812769898    0.0099031178526604    0.0110987105825529
0.00808085548614674    0.00841282574965875    0.00951620323193877
0.00693053854808003    0.00723557447813604    0.00825558392456173
0.00600839985616776    0.00628941908147207    0.00723440826183726
0.00525797267889344    0.00551757978221508    0.00639515269972902
0.00463921507142524    0.00487970577548177    0.0056966665479964
0.00412309750687045    0.0043464833293906    0.00510886557410075
0.00368816146609543    0.00389620112834338    0.0046093328365114
0.0033182697224114    0.00351250101102014    0.00418108059881007
0.00300109919420341    0.00318286855883161    0.00381104055940042
0.00272710901442292    0.00289759791379406    0.00348902319190336
0.00248882004382502    0.00264906787163101    0.00320698645587038
0.00228030290141763    0.00243122669056662    0.00295851289629358
0.00209680831859371    0.00223921956571449    0.00273842981814561
0.0019344963509303    0.00206911533797593    0.00254252940917317
0.00179023536021368    0.00191770333473852    0.00236735979439792
